INTERSECCION

[(1,2,3),(2,3,4),(3,4,5)]*[(7,8,9),(2,3,4),(5,6,7)]


REPLICACION

(1,2,3)*2
(1,2,3)*5
[(1,2,3),(2,3,4),(3,4,5)]*2
[(1,2,3),(2,3,4),(3,4,5)]*3


SHIFT RIGHT

(1,2,3)+4
[(1,2,3),(2,3,4),(3,4,5)]+3



SHIFT LEFT

(1,2,3)-4
[(1,2,3),(2,3,4),(3,4,5)]-3


INTERSECCION

[(1,2,3),(3,3,4),(4,6,6)]*[(3,4,7),(7,2,9)]
buildings1 = [(1,2,3),(3,3,4),(4,6,6)]
buildings2 = [(3,4,7),(7,2,9)]
sol = [(3, 3, 4), (4, 4, 6)]

[(1,3,3),(4,5,5),(5,3,6),(6,6,8)]*[(0,2,3),(4,4,7),(7,1,8)]
buildings1 = [(1,3,3),(4,5,5),(5,3,6),(6,6,8)]
buildings2 = [(0,2,3),(4,4,7),(7,1,8)]
sol = [(1, 2, 3), (4, 4, 5), (5, 3, 6), (6, 4, 7), (7, 1, 8)]

buildings1 = [(1,2,3),(4,1,8),(8,5,9),(10,4,11),(13,4,14),(16,2,17),(19,4,22),(22,3,24)]
buildings2 = [(2,3,5),(7,3,9),(10,3,12),(12,2,15),(15,2,18),(19,3,21),(22,2,24)]
sol = [(2, 2, 3), (4, 1, 5), (7, 1, 8), (8, 3, 9), (10, 3, 11), (13, 2, 14), (16, 2, 17), (19, 3, 21), (22, 2, 24)]
